3 14 -50
23 14 -50
5 14 -50
25 14 -50
34 14 -50
17 14 -50
6 17 -50
26 17 -50
8 17 -50
28 17 -50
37 17 -50
20 17 -50
9 20 -50
29 20 -50
40 20 -50
23 34 -50
43 34 -50
25 34 -50
45 34 -50
54 34 -50
37 34 -50
14 34 -50
26 37 -50
46 37 -50
28 37 -50
48 37 -50
57 37 -50
40 37 -50
17 37 -50
29 40 -50
49 40 -50
60 40 -50
20 40 -50
43 54 -50
63 54 -50
45 54 -50
65 54 -50
74 54 -50
57 54 -50
34 54 -50
46 57 -50
66 57 -50
48 57 -50
68 57 -50
77 57 -50
60 57 -50
37 57 -50
49 60 -50
69 60 -50
80 60 -50
40 60 -50
63 74 -50
83 74 -50
65 74 -50
85 74 -50
77 74 -50
54 74 -50
66 77 -50
86 77 -50
68 77 -50
88 77 -50
80 77 -50
57 77 -50
69 80 -50
89 80 -50
60 80 -50
